1,1,1,1
2,2,2,10
5,5,6,1
6,6,7,3
7,7,9,12
8,8,10,1
9,9,11,11
11,11,14,1
12,12,20,15
13,13,21,15
14,14,77,1
20,20,117,2
23,23,176,12
26,26,1727,1
27,27,1731,15
28,28,1732,1
29,29,1735,9
30,30,1738,9
31,31,1743,10
32,32,1751,10
33,33,1757,10
34,34,1780,3
35,35,1784,3
36,36,1786,3
37,37,1790,1
38,38,1792,9
39,39,1799,3
43,43,1811,9
44,44,1862,10
45,45,1870,10
46,46,1906,9
47,47,1916,10
48,48,1956,15
49,49,2067,9
50,50,2078,10
51,51,2139,3
52,52,2230,9
53,53,2267,9
54,54,2281,9
56,56,2575,9
57,57,2613,9
58,58,3389,15
59,59,3394,1
61,61,3403,9
62,62,3416,6
64,64,3451,12
66,66,3465,10
67,67,3479,1
68,68,3518,6
69,69,3521,6
71,71,3664,9
72,72,3669,9
73,73,3780,6
75,75,3969,9
76,76,4002,9
81,81,4822,10
82,82,4858,10
83,83,5029,10
84,84,5038,11
85,85,5041,10
86,86,5042,10
87,87,5046,11
88,88,5055,10
89,89,5061,11
90,90,5077,11
91,91,5091,9
92,92,5094,3
93,93,5103,3
95,95,5108,5
96,96,5112,3
97,97,5122,3
99,99,5151,11
100,100,5277,10
101,101,5281,10
102,102,5622,10
103,103,5657,10
104,104,5666,10
105,105,5718,10
106,106,5824,10
107,107,5911,10
108,108,6137,10
109,109,6154,10
110,110,6200,10
111,111,6331,9
113,113,6543,9
114,114,6681,10
115,115,6682,10
116,116,6691,10
117,117,6693,10
118,118,6701,5
119,119,6707,3
120,120,6712,3
121,121,6720,9
122,122,6727,5
123,123,6737,11
124,124,6738,11
125,125,6746,11
126,126,6749,11
127,127,6752,11
128,128,6755,5
129,129,6757,10
130,130,6761,10
131,131,6776,5
132,132,6811,10
133,133,6817,3
134,134,6906,10
135,135,6924,10
136,136,6952,10
137,137,7045,5
138,138,7076,10
139,139,7250,5
140,140,7345,10
141,141,7356,10
142,142,7395,5
143,143,7449,10
144,144,7511,10
145,145,7572,10
146,146,7644,5
147,147,7853,5
148,148,7874,11
149,149,8330,9
150,150,8337,1
151,151,8340,1
152,152,8352,2
155,155,8374,1
156,156,8376,1
157,157,8387,9
158,158,8392,9
159,159,8395,9
160,160,8400,9
161,161,8408,9
162,162,8410,9
163,163,8417,11
164,164,8432,12
165,165,8433,12
166,166,8434,11
167,167,8444,3
168,168,8447,1
172,172,8472,12
173,173,8475,12
175,175,8483,12
181,181,8961,9
185,185,9261,9
187,187,9343,12
188,188,9414,9
190,190,9666,12
191,191,9725,12
192,192,10045,11
193,193,10052,9
194,194,10055,9
195,195,10069,9
197,197,10089,12
198,198,10097,9
199,199,10100,9
201,201,10110,1
202,202,10111,12
204,204,10121,9
205,205,10123,9
206,206,10139,12
207,207,10141,12
208,208,10161,1
209,209,10169,3
211,211,10177,12
214,214,10197,15
215,215,10271,12
216,216,10373,11
217,217,10490,12
218,218,10497,9
219,219,10650,9
220,220,10725,9
221,221,10870,3
222,222,10907,3
223,223,11016,3
224,224,11141,12
225,225,11313,9
227,227,11632,3
228,228,11748,6
229,229,11750,6
230,230,11760,5
231,231,11762,6
232,232,11765,5
233,233,11770,3
234,234,11775,3
235,235,11779,2
236,236,11782,2
237,237,11793,2
240,240,11812,12
242,242,11821,2
243,243,11824,2
244,244,11830,12
245,245,11839,2
246,246,11840,2
247,247,11846,2
248,248,11850,2
249,249,11860,2
250,250,11989,1
251,251,12077,2
252,252,12080,2
253,253,12095,1
254,254,12198,5
255,255,12327,2
258,258,12393,5
259,259,12517,15
262,262,12709,2
263,263,12782,15
264,264,12908,15
265,265,12949,15
266,266,12972,2
267,267,13100,12
268,268,13397,2
269,269,13410,3
270,270,13411,2
272,272,13415,1
273,273,13424,1
274,274,13431,1
275,275,13432,1
276,276,13441,9
277,277,13494,5
278,278,13495,1
279,279,13578,3
280,280,13762,3
281,281,13838,3
282,282,13842,3
283,283,13893,3
284,284,14312,3
285,285,14315,3
286,286,14570,2
287,287,14630,5
288,288,14640,5
289,289,14661,6
290,290,14791,6
291,291,14849,6
292,292,14995,2
293,293,15008,2
294,294,15009,2
295,295,15020,2
296,296,15031,2
297,297,15038,3
298,298,15145,9
299,299,15173,2
300,300,15400,9
301,301,15403,1
303,303,15580,2
305,305,15702,1
306,306,15705,2
309,309,15861,1
310,310,15877,1
311,311,15997,1
312,312,16045,1
313,313,16051,1
314,314,16067,1
315,315,16230,1
316,316,16384,1
317,317,16591,11
318,318,16595,11
319,319,16605,11
320,320,16606,11
321,321,16612,11
322,322,16623,11
323,323,16624,12
324,324,16630,12
325,325,16742,12
326,326,16761,9
327,327,16871,5
328,328,16945,12
329,329,16999,10
330,330,17068,5
331,331,17176,12
332,332,17289,9
333,333,17312,12
335,335,17354,10
336,336,17499,12
337,337,17614,11
338,338,17740,11
339,339,17768,11
340,340,17791,11
341,341,18193,3
343,343,18208,3
344,344,18210,3
345,345,18218,3
346,346,18219,3
347,347,18221,3
348,348,18225,3
349,349,18228,3
350,350,18231,3
351,351,18253,12
352,352,18258,12
353,353,18306,12
355,355,18337,3
357,357,18518,9
359,359,18546,3
361,361,18741,3
362,362,18771,5
363,363,18819,3
364,364,18842,9
365,365,18883,11
366,366,18909,3
367,367,18927,9
368,368,19235,3
369,369,19329,5
370,370,19448,12
371,371,19497,3
372,372,19555,10
373,373,19668,3
374,374,19788,1
375,375,19789,5
376,376,19796,3
377,377,19800,1
378,378,19806,1
379,379,19808,1
380,380,19816,1
381,381,19818,1
384,384,19845,12
386,386,19901,1
387,387,19913,3
388,388,19961,1
389,389,20016,3
390,390,20185,9
392,392,20213,1
393,393,20250,9
395,395,20319,3
396,396,20330,9
397,397,20409,1
398,398,20456,1
400,400,20590,3
411,411,21030,1
412,412,21250,1
414,414,21434,3
415,415,21438,1
416,416,21440,1
417,417,21444,1
419,419,21454,1
420,420,21457,1
421,421,21458,1
422,422,21462,13
423,423,21463,1
424,424,21474,13
430,430,21510,13
434,434,21527,13
435,435,21546,12
436,436,21549,12
437,437,21555,12
438,438,21562,2
439,439,21564,2
440,440,21573,2
441,441,21585,3
444,444,21720,13
446,446,21897,1
450,450,22047,3
451,451,22074,13
453,453,22167,13
455,455,22205,13
456,456,22245,13
457,457,22314,2
458,458,22394,2
459,459,22457,2
460,460,22523,13
461,461,22561,13
463,463,22702,2
464,464,22820,13
465,465,22868,12
466,466,22877,2
467,467,22963,12
475,475,23179,2
476,476,23180,2
477,477,23185,2
478,478,23186,2
479,479,23222,2
480,480,23314,5
482,482,23369,5
484,484,23485,12
485,485,23539,12
488,488,23614,3
490,490,23717,2
491,491,23896,2
492,492,23973,12
493,493,24058,2
494,494,24059,2
495,495,24157,2
496,496,24158,2
497,497,24162,2
498,498,24311,2
499,499,24344,2
507,507,25507,12
513,513,26301,12
514,514,26566,1
515,515,26607,13
516,516,26627,12
517,517,26759,13
518,518,26814,12
519,519,26942,12
520,520,27821,1
521,521,27824,1
522,522,27829,1
523,523,27836,1
525,525,27846,9
526,526,27851,9
527,527,27855,9
528,528,27858,9
529,529,27863,1
530,530,27867,15
533,533,28048,3
534,534,28050,3
535,535,28204,1
538,538,28339,1
539,539,28428,1
540,540,28444,1
541,541,28484,1
543,543,28605,1
544,544,28618,1
546,546,28788,1
547,547,28867,1
549,549,28989,1
550,550,29123,1
551,551,29190,1
552,552,29228,1
553,553,29450,1
554,554,29514,1
555,555,29595,6
556,556,29601,1
557,557,29614,1
558,558,29697,1
559,559,29698,10
560,560,29699,11
562,562,29702,9
563,563,29703,9
564,564,29704,2
565,565,29705,1
566,566,29706,11
570,570,29765,12
572,572,29924,3
574,574,30040,1
575,575,30148,1
576,576,30229,1
577,577,30231,1
578,578,30307,1
579,579,30320,10
580,580,30468,1
581,581,30540,1
582,582,30564,1
583,583,30594,3
584,584,30637,1
587,587,31020,12
588,588,31083,12
589,589,31154,12
590,590,31179,12
591,591,31193,12
592,592,31320,13
593,593,31337,12
594,594,31393,12
595,595,31420,6
596,596,31442,10
598,598,31537,11
600,600,31700,12
601,601,31732,1
602,602,31803,1
603,603,31855,12
604,604,31905,1
605,605,31956,12
606,606,32035,1
607,607,32176,1
608,608,32248,1
609,609,34756,11
610,610,34765,10
611,611,36483,11
612,612,41401,2
613,613,43024,2
614,614,46536,9
615,615,49361,5
617,617,51059,2
620,620,56515,9
