1,1,1,1
3,3,3,11
5,5,5,2
6,6,6,3
7,7,7,3
8,8,9,2
9,9,10,5
10,10,11,12
12,12,20,15
13,13,21,15
14,14,80,1
24,24,1130,2
26,26,1325,2
29,29,1619,2
31,31,1723,3
32,32,1724,1
33,33,1727,1
34,34,1733,1
35,35,1738,9
36,36,1739,9
37,37,1741,9
38,38,1747,9
40,40,1753,9
41,41,1760,9
42,42,1762,9
44,44,1781,1
45,45,1782,3
46,46,1785,9
47,47,1788,3
48,48,1792,1
49,49,1800,1
50,50,1808,1
52,52,1816,9
53,53,2009,1
54,54,2022,9
55,55,2063,1
56,56,2363,9
57,57,2485,3
59,59,2736,9
60,60,3018,9
61,61,3376,3
62,62,3380,1
63,63,3386,1
64,64,3399,9
65,65,3400,9
66,66,3405,9
67,67,3423,9
71,71,3450,9
72,72,3457,9
73,73,3460,9
74,74,3462,9
75,75,3465,9
76,76,3473,9
78,78,3712,2
79,79,3919,9
80,80,3924,9
81,81,4180,9
82,82,4198,10
83,83,4235,10
85,85,4380,10
86,86,4472,9
89,89,4605,9
90,90,5037,9
91,91,5038,9
92,92,5045,9
93,93,5047,9
94,94,5056,10
95,95,5062,10
96,96,5067,9
97,97,5068,9
98,98,5089,9
99,99,5092,2
100,100,5102,3
101,101,5107,3
102,102,5109,5
103,103,5120,1
104,104,5124,3
105,105,5125,1
106,106,5163,9
107,107,5234,9
108,108,5314,9
109,109,5480,10
110,110,5584,2
111,111,5630,9
112,112,5792,9
113,113,5903,9
114,114,5957,9
115,115,6109,2
116,116,6159,9
117,117,6205,3
118,118,6224,5
119,119,6248,9
120,120,6286,5
121,121,6365,5
122,122,6574,9
124,124,6690,9
125,125,6700,5
126,126,6703,5
127,127,6710,5
128,128,6719,3
129,129,6728,3
130,130,6737,11
131,131,6740,11
132,132,6751,11
133,133,6753,11
134,134,6760,6
135,135,6767,9
136,136,6768,5
137,137,6779,5
138,138,6807,9
139,139,6820,5
140,140,6923,6
141,141,7063,9
142,142,7128,6
145,145,7415,9
146,146,7452,6
147,147,7493,6
148,148,7607,9
149,149,7633,10
150,150,7710,10
151,151,7723,5
152,152,7781,10
153,153,7869,10
154,154,8090,9
156,156,8339,3
157,157,8344,1
158,158,8358,1
159,159,8363,1
161,161,8378,1
162,162,8393,3
163,163,8398,9
164,164,8405,9
165,165,8413,9
166,166,8415,9
167,167,8421,9
168,168,8427,12
169,169,8442,3
173,173,8467,1
175,175,8472,12
176,176,8474,9
177,177,8477,12
178,178,8484,12
179,179,8532,1
182,182,8968,9
184,184,9056,9
187,187,9308,9
188,188,9422,9
189,189,9526,9
190,190,9669,12
191,191,9693,12
192,192,9702,9
193,193,10044,9
194,194,10049,9
195,195,10052,9
196,196,10061,9
202,202,10096,5
203,203,10102,3
204,204,10103,5
205,205,10109,3
206,206,10110,3
207,207,10112,1
208,208,10119,9
209,209,10120,9
210,210,10123,9
211,211,10126,9
212,212,10131,9
213,213,10137,9
214,214,10152,3
215,215,10158,3
216,216,10162,1
219,219,10170,1
220,220,10180,3
221,221,10181,3
222,222,10186,1
223,223,10188,1
224,224,10189,1
225,225,10194,9
228,228,10387,9
229,229,10501,9
230,230,10677,9
231,231,10684,9
232,232,10876,3
233,233,10908,9
234,234,11053,9
235,235,11171,9
238,238,11750,9
239,239,11759,9
240,240,11763,2
241,241,11766,5
242,242,11771,5
243,243,11779,5
244,244,11783,2
245,245,11793,2
246,246,11811,1
247,247,11816,1
248,248,11818,1
253,253,11847,2
255,255,11930,2
256,256,11974,2
257,257,12137,2
258,258,12144,5
259,259,12154,5
260,260,12206,9
261,261,12284,5
263,263,12385,5
264,264,12392,5
265,265,12397,5
266,266,12503,2
267,267,12553,3
269,269,12642,9
270,270,12668,15
271,271,12677,5
272,272,12782,1
273,273,12881,3
274,274,12888,1
275,275,13298,1
276,276,13407,2
277,277,13409,2
278,278,13415,3
279,279,13420,5
280,280,13423,1
281,281,13436,3
282,282,13570,2
283,283,13590,3
284,284,13619,2
285,285,13656,3
286,286,13679,2
287,287,13737,5
288,288,13785,3
289,289,13898,5
290,290,14376,2
291,291,14392,5
292,292,14478,2
293,293,14709,9
294,294,14726,9
295,295,15003,2
296,296,15008,2
297,297,15010,2
298,298,15020,2
299,299,15026,2
300,300,15031,2
301,301,15055,2
303,303,15174,2
304,304,15228,2
305,305,15237,2
306,306,15299,9
307,307,15339,1
308,308,15407,1
310,310,15656,1
311,311,15691,5
312,312,15823,9
314,314,15979,1
315,315,16105,1
316,316,16226,1
317,317,16366,1
318,318,16592,11
319,319,16601,11
320,320,16604,11
321,321,16614,11
322,322,16615,9
323,323,16620,9
324,324,16621,9
325,325,16626,9
326,326,16708,5
327,327,16821,5
328,328,16845,9
329,329,17020,9
330,330,17048,9
331,331,17118,5
332,332,17169,9
333,333,17343,9
334,334,17387,9
335,335,17490,9
336,336,17708,11
337,337,17712,11
338,338,17737,11
339,339,17918,11
340,340,18044,11
341,341,18189,2
342,342,18200,3
343,343,18201,1
344,344,18206,3
345,345,18219,3
346,346,18226,5
347,347,18462,9
349,349,18535,5
350,350,18721,5
351,351,18736,5
353,353,18820,3
354,354,19035,3
355,355,19095,3
356,356,19097,5
357,357,19231,2
358,358,19487,9
359,359,19678,11
360,360,19786,1
361,361,19790,1
362,362,19794,3
364,364,19806,1
365,365,19812,1
366,366,19821,1
367,367,19823,9
368,368,19826,1
369,369,19832,1
373,373,19965,1
375,375,20120,9
376,376,20233,3
377,377,20273,3
378,378,20322,9
379,379,20328,9
380,380,20386,5
382,382,20495,3
394,394,21436,1
396,396,21447,1
398,398,21455,1
399,399,21456,1
400,400,21458,1
401,401,21464,1
402,402,21465,1
403,403,21468,1
404,404,21472,1
407,407,21500,5
410,410,21512,13
411,411,21516,13
412,412,21519,13
416,416,21547,2
417,417,21562,2
418,418,21564,2
419,419,21576,9
420,420,21578,2
422,422,21590,5
423,423,21612,1
429,429,22093,5
430,430,22121,6
433,433,22232,5
434,434,22337,13
436,436,22427,5
440,440,22879,2
443,443,23144,2
445,445,23157,2
448,448,23178,2
449,449,23187,2
451,451,23272,2
452,452,23317,2
453,453,23336,2
454,454,23387,2
456,456,23435,2
459,459,23814,2
461,461,23895,2
463,463,24128,2
464,464,24179,5
465,465,24293,2
466,466,24336,2
467,467,24372,2
468,468,24475,2
469,469,24588,2
472,472,24837,2
477,477,25320,2
489,489,27828,1
490,490,27832,1
491,491,27834,1
492,492,27841,1
493,493,27842,1
496,496,27860,3
497,497,27863,9
498,498,27868,3
499,499,27954,1
500,500,27967,1
501,501,28016,9
502,502,28039,3
503,503,28072,1
505,505,28210,1
507,507,28346,3
508,508,28347,3
509,509,28406,1
510,510,28411,1
511,511,28414,1
512,512,28488,1
513,513,28608,1
514,514,28679,1
515,515,28704,1
516,516,28735,1
517,517,28834,1
518,518,28966,1
519,519,29020,1
520,520,29073,1
521,521,29119,1
522,522,29297,1
523,523,29602,1
524,524,29631,1
525,525,29662,1
526,526,29697,1
528,528,29699,9
529,529,29701,2
530,530,29702,3
531,531,29703,3
532,532,29704,2
533,533,29705,5
534,534,29706,12
536,536,29715,1
537,537,29717,1
539,539,29818,1
540,540,29884,9
541,541,29885,9
542,542,29898,1
543,543,30106,9
544,544,30161,3
546,546,30202,1
547,547,30500,1
548,548,30505,3
549,549,30571,3
550,550,30584,1
551,551,30644,1
552,552,30693,1
553,553,31145,9
554,554,31156,12
555,555,31168,1
556,556,31208,12
557,557,31230,9
558,558,31297,9
559,559,31300,9
560,560,31378,9
561,561,31387,9
562,562,31642,1
563,563,31689,1
564,564,31807,1
565,565,31903,1
567,567,32066,1
568,568,32176,1
569,569,32394,1
570,570,32409,1
571,571,34714,5
572,572,36343,1
573,573,36397,9
575,575,38127,9
576,576,38141,9
577,577,39783,5
578,578,41594,3
579,579,46193,2
