1,1,1
2,2,6
3,3,11
4,4,7
5,5,2
6,6,3
7,7,3
8,9,12
9,10,3
10,11,9
11,12,12
12,19,15
13,21,15
14,74,1
15,77,1
16,86,16
17,92,12
18,97,12
19,101,2
20,106,16
21,111,12
22,119,12
23,162,0
24,163,0
25,167,12
26,172,12
27,1023,16
28,1167,12
29,1260,12
30,1265,12
31,1354,12
32,1555,12
33,1570,12
34,1658,2
35,1730,1
36,1735,9
37,1739,9
38,1743,8
39,1750,17
40,1753,17
41,1755,9
42,1760,9
43,1779,7
44,1783,8
45,1784,3
46,1798,8
47,1801,8
48,1805,8
49,1808,1
50,1812,9
51,1815,8
52,1923,9
53,1930,3
54,2010,15
55,2124,9
56,2264,9
57,2373,9
58,2498,9
59,2587,10
60,2704,10
61,3390,9
62,3391,16
63,3399,5
64,3402,9
65,3417,9
66,3421,1
67,3436,0
68,3441,17
69,3445,17
70,3453,17
71,3462,9
72,3463,9
73,3473,9
74,3551,9
75,3579,9
76,3630,17
77,3880,9
78,4233,10
79,4270,17
80,4340,6
81,4443,11
82,4475,10
83,4711,9
84,4734,6
85,4764,6
86,4824,9
87,5030,10
88,5033,10
89,5037,17
90,5040,17
91,5046,17
92,5049,10
93,5053,10
94,5061,10
95,5066,10
96,5070,17
97,5082,7
98,5093,5
99,5095,7
100,5097,8
101,5100,2
102,5102,5
103,5109,5
104,5111,9
105,5115,16
106,5121,5
107,5126,7
108,5128,7
109,5263,17
110,5289,17
111,5384,10
112,5449,7
113,5523,10
114,5572,10
115,5660,6
116,5674,5
117,5842,17
118,5913,6
119,6061,6
120,6132,3
121,6233,5
122,6433,9
123,6465,5
124,6685,6
125,6697,3
126,6698,17
127,6710,3
128,6716,3
129,6736,11
130,6750,11
131,6754,10
132,6757,5
133,6759,3
134,6762,3
135,6767,5
136,6775,3
137,6782,3
138,6914,6
139,6917,3
140,6936,3
141,6959,6
142,7190,5
143,7228,3
144,7260,10
145,7327,5
146,7444,10
147,7555,10
148,7593,10
149,7604,10
150,7653,10
151,7869,17
152,7940,10
153,8091,17
154,8147,17
155,8331,1
156,8337,3
157,8342,1
158,8344,1
159,8348,1
160,8351,16
161,8357,7
162,8358,7
163,8365,1
164,8368,7
165,8370,7
166,8375,7
167,8393,8
168,8394,8
169,8400,9
170,8404,9
171,8410,7
172,8416,9
173,8418,9
174,8421,7
175,8437,9
176,8442,7
177,8447,1
178,8454,9
179,8460,1
180,8468,12
181,8470,0
182,8475,9
183,8477,9
184,8479,11
185,8489,11
186,8777,1
187,8787,12
188,8799,7
189,8821,1
190,8825,7
191,8890,7
192,9065,7
193,9164,7
194,9232,7
195,9451,9
196,9490,7
197,9522,12
198,10045,12
199,10046,12
200,10054,9
201,10062,9
202,10065,9
203,10076,12
204,10083,0
205,10091,12
206,10102,3
207,10106,5
208,10107,3
209,10113,3
210,10116,1
211,10123,9
212,10125,9
213,10126,12
214,10132,9
215,10139,12
216,10154,3
217,10157,3
218,10165,3
219,10171,7
220,10173,7
221,10177,7
222,10183,3
223,10188,3
224,10190,12
225,10328,12
226,10357,9
227,10629,9
228,10699,8
229,10828,8
230,10874,9
231,11019,9
232,11022,8
233,11264,7
234,11312,7
235,11314,3
236,11454,8
237,11600,3
238,11646,9
239,11747,6
240,11749,6
241,11754,17
242,11761,5
243,11762,3
244,11765,5
245,11768,3
246,11774,5
247,11780,2
248,11782,2
249,11792,2
250,11808,1
251,11814,1
252,11819,16
253,11820,15
254,11823,15
255,11831,2
256,11898,5
257,11991,3
258,12057,9
259,12089,2
260,12139,3
261,12158,5
262,12201,5
263,12425,15
264,12507,15
265,12556,3
266,12674,3
267,12723,16
268,12791,16
269,13401,2
270,13407,5
271,13414,2
272,13419,3
273,13420,5
274,13426,1
275,13428,1
276,13433,1
277,13436,3
278,13441,5
279,13501,3
280,13551,3
281,13626,2
282,13660,5
283,13743,5
284,14353,3
285,14494,9
286,14548,5
287,14571,2
288,14655,5
289,14684,3
290,14788,6
291,14832,3
292,15002,2
293,15003,2
294,15015,2
295,15018,2
296,15023,2
297,15032,5
298,15033,5
299,15039,3
300,15042,3
301,15180,7
302,15204,1
303,15255,1
304,15297,5
305,15344,7
306,15349,7
307,15491,7
308,15514,2
309,15527,1
310,15570,5
311,15604,5
312,15673,9
313,15678,9
314,15699,1
315,15747,1
316,15785,1
317,15815,3
318,15950,7
319,16004,1
320,16073,1
321,16086,1
322,16388,1
323,16454,3
324,16459,1
325,16603,11
326,16604,9
327,16613,11
328,16615,9
329,16631,12
330,16640,12
331,16915,3
332,16991,9
333,17002,12
334,17079,9
335,17083,9
336,17085,9
337,17118,9
338,17174,9
339,17476,12
340,17576,5
341,17698,17
342,17845,11
343,18193,7
344,18196,3
345,18198,9
346,18204,3
347,18207,3
348,18211,3
349,18218,3
350,18223,8
351,18228,7
352,18231,9
353,18233,9
354,18268,7
355,18438,3
356,18447,8
357,18495,3
358,18519,9
359,18682,3
360,18803,9
361,18809,9
362,19049,3
363,19228,5
364,19243,3
365,19266,3
366,19328,5
367,19379,3
368,19421,3
369,19615,3
370,19706,7
371,19782,8
372,19783,8
373,19785,1
374,19792,3
375,19796,3
376,19806,1
377,19807,1
378,19813,1
379,19816,1
380,19826,1
381,19832,1
382,19850,0
383,19911,1
384,19928,7
385,19934,1
386,19972,1
387,19974,1
388,20018,1
389,20161,3
390,20166,3
391,20219,3
392,20235,3
393,20334,12
394,20370,9
395,20430,0
396,20449,8
397,20455,9
398,20461,5
399,20540,3
400,20554,0
401,20602,0
402,20700,3
403,20712,3
404,20720,0
405,20852,0
406,20859,0
407,20868,0
408,20912,0
409,20964,0
410,21038,0
411,21068,0
412,21124,0
413,21437,0
414,21444,0
415,21448,1
416,21457,0
417,21460,1
418,21466,7
419,21467,1
420,21474,13
421,21477,0
422,21493,16
423,21499,16
424,21505,16
425,21507,0
426,21511,13
427,21517,13
428,21524,0
429,21529,0
430,21551,12
431,21561,2
432,21563,2
433,21567,12
434,21572,0
435,21575,5
436,21577,3
437,21578,0
438,21606,0
439,21654,3
440,21691,0
441,21695,0
442,21746,0
443,21794,1
444,21877,0
445,21932,0
446,21986,0
447,22043,0
448,22067,0
449,22092,0
450,22109,0
451,22167,0
452,22294,13
453,22299,13
454,22312,3
455,22322,13
456,22421,14
457,22461,0
458,22553,13
459,22603,14
460,22660,13
461,22693,1
462,22712,0
463,22776,12
464,22923,12
465,23155,2
466,23158,4
467,23159,4
468,23164,4
469,23171,3
470,23172,0
471,23175,3
472,23178,2
473,23181,2
474,23186,2
475,23213,5
476,23245,2
477,23272,2
478,23317,3
479,23323,2
480,23449,0
481,23466,0
482,23589,0
483,23632,2
484,23635,0
485,23661,3
486,23692,0
487,23760,3
488,23852,2
489,23974,0
490,24063,0
491,24080,2
492,24092,2
493,24127,2
494,24132,2
495,24286,2
496,24306,2
497,24343,2
498,24805,2
499,24914,2
500,24922,2
501,24954,2
502,25067,4
503,25084,2
504,25091,2
505,25113,4
506,25124,4
507,25213,4
508,25270,2
509,25315,2
510,25352,12
511,25516,2
512,25564,16
513,25590,12
514,25615,2
515,25668,16
516,25712,16
517,25805,16
518,25826,16
519,25908,16
520,25940,16
521,26012,16
522,26350,0
523,26352,1
524,26418,12
525,26556,14
526,26706,14
527,26719,14
528,26807,14
529,27822,7
530,27824,1
531,27830,1
532,27833,1
533,27841,7
534,27845,7
535,27849,9
536,27854,7
537,27862,9
538,27896,1
539,27960,1
540,28048,1
541,28075,8
542,28101,8
543,28165,8
544,28190,1
545,28207,1
546,28245,8
547,28258,7
548,28314,8
549,28334,8
550,28393,8
551,28482,1
552,28536,1
553,28546,1
554,28585,7
555,28601,7
556,28645,7
557,28727,1
558,28738,1
559,28929,7
560,29043,7
561,29080,3
562,29096,1
563,29232,3
564,29424,10
565,29545,1
566,29598,8
567,29697,1
568,29698,6
569,29699,9
570,29700,7
571,29701,2
572,29702,5
573,29703,8
574,29704,2
575,29706,12
576,29707,0
577,29717,1
578,29725,16
579,29754,1
580,29778,12
581,29783,9
582,29856,3
583,29884,9
584,29927,8
585,29993,3
586,30056,1
587,30067,3
588,30169,8
589,30232,3
590,30307,15
591,30311,3
592,30329,1
593,30475,3
594,30503,3
595,30508,3
596,30535,3
597,30659,1
598,30687,1
599,30753,3
600,30837,3
601,31001,12
602,31039,12
603,31117,1
604,31124,1
605,31128,12
606,31240,9
607,31248,12
608,31321,1
609,31399,12
610,31422,1
611,31605,12
612,31612,1
613,31616,9
614,31624,11
615,31645,1
616,31768,12
617,31772,1
618,31971,1
619,32079,1
620,32098,1
621,32118,1
622,32152,1
623,32380,1
624,32407,1
625,33074,17
626,33132,10
627,36335,3
628,36451,1
629,43027,2
630,47796,7
631,49354,1
632,49480,2
633,54802,1
