1,1,1
2,2,10
3,3,7
4,4,7
5,6,1
6,7,3
7,9,12
8,10,1
9,11,11
10,12,0
11,14,1
12,20,15
13,21,15
14,77,1
15,80,4
16,88,4
17,90,4
18,105,4
19,110,4
20,117,2
21,167,0
22,169,0
23,176,12
24,1096,4
25,1265,0
26,1727,1
27,1731,15
28,1732,1
29,1735,9
30,1738,9
31,1743,10
32,1751,10
33,1757,10
34,1780,3
35,1784,3
36,1786,3
37,1790,1
38,1792,9
39,1799,3
40,1800,8
41,1804,8
42,1809,8
43,1811,9
44,1862,10
45,1870,10
46,1906,9
47,1916,10
48,1956,15
49,2067,9
50,2078,10
51,2139,3
52,2230,9
53,2267,9
54,2281,9
55,2545,8
56,2575,9
57,2613,9
58,3389,15
59,3394,1
60,3400,16
61,3403,9
62,3416,6
63,3438,17
64,3451,12
65,3458,17
66,3465,10
67,3479,1
68,3518,6
69,3521,6
70,3560,16
71,3664,9
72,3669,9
73,3780,6
74,3894,17
75,3969,9
76,4002,9
77,4407,17
78,4447,17
79,4472,17
80,4606,17
81,4822,10
82,4858,10
83,5029,10
84,5038,11
85,5041,10
86,5042,10
87,5046,11
88,5055,10
89,5061,11
90,5077,11
91,5091,9
92,5094,3
93,5103,3
94,5104,16
95,5108,5
96,5112,3
97,5122,3
98,5127,8
99,5151,11
100,5277,10
101,5281,10
102,5622,10
103,5657,10
104,5666,10
105,5718,10
106,5824,10
107,5911,10
108,6137,10
109,6154,10
110,6200,10
111,6331,9
112,6501,16
113,6543,9
114,6681,10
115,6682,10
116,6691,10
117,6693,10
118,6701,5
119,6707,3
120,6712,3
121,6720,9
122,6727,5
123,6737,11
124,6738,11
125,6746,11
126,6749,11
127,6752,11
128,6755,5
129,6757,10
130,6761,10
131,6776,5
132,6811,10
133,6817,3
134,6906,10
135,6924,10
136,6952,10
137,7045,5
138,7076,10
139,7250,5
140,7345,10
141,7356,10
142,7395,5
143,7449,10
144,7511,10
145,7572,10
146,7644,5
147,7853,5
148,7874,11
149,8330,9
150,8337,1
151,8340,1
152,8352,2
153,8362,7
154,8367,7
155,8374,1
156,8376,1
157,8387,9
158,8392,9
159,8395,9
160,8400,9
161,8408,9
162,8410,9
163,8417,11
164,8432,12
165,8433,12
166,8434,11
167,8444,3
168,8447,1
169,8450,7
170,8452,7
171,8462,7
172,8472,12
173,8475,12
174,8479,0
175,8483,12
176,8564,7
177,8692,7
178,8704,7
179,8797,7
180,8882,7
181,8961,9
182,9039,7
183,9105,7
184,9160,7
185,9261,9
186,9320,7
187,9343,12
188,9414,9
189,9525,7
190,9666,12
191,9725,12
192,10045,11
193,10052,9
194,10055,9
195,10069,9
196,10075,0
197,10089,12
198,10097,9
199,10100,9
200,10106,7
201,10110,1
202,10111,12
203,10116,7
204,10121,9
205,10123,9
206,10139,12
207,10141,12
208,10161,1
209,10169,3
210,10174,7
211,10177,12
212,10184,8
213,10185,8
214,10197,15
215,10271,12
216,10373,11
217,10490,12
218,10497,9
219,10650,9
220,10725,9
221,10870,3
222,10907,3
223,11016,3
224,11141,12
225,11313,9
226,11504,7
227,11632,3
228,11748,6
229,11750,6
230,11760,5
231,11762,6
232,11765,5
233,11770,3
234,11775,3
235,11779,2
236,11782,2
237,11793,2
238,11802,4
239,11805,16
240,11812,12
241,11818,4
242,11821,2
243,11824,2
244,11830,12
245,11839,2
246,11840,2
247,11846,2
248,11850,2
249,11860,2
250,11989,1
251,12077,2
252,12080,2
253,12095,1
254,12198,5
255,12327,2
256,12348,16
257,12383,16
258,12393,5
259,12517,15
260,12551,16
261,12570,16
262,12709,2
263,12782,15
264,12908,15
265,12949,15
266,12972,2
267,13100,12
268,13397,2
269,13410,3
270,13411,2
271,13414,16
272,13415,1
273,13424,1
274,13431,1
275,13432,1
276,13441,9
277,13494,5
278,13495,1
279,13578,3
280,13762,3
281,13838,3
282,13842,3
283,13893,3
284,14312,3
285,14315,3
286,14570,2
287,14630,5
288,14640,5
289,14661,6
290,14791,6
291,14849,6
292,14995,2
293,15008,2
294,15009,2
295,15020,2
296,15031,2
297,15038,3
298,15145,9
299,15173,2
300,15400,9
301,15403,1
302,15432,16
303,15580,2
304,15611,16
305,15702,1
306,15705,2
307,15773,16
308,15842,7
309,15861,1
310,15877,1
311,15997,1
312,16045,1
313,16051,1
314,16067,1
315,16230,1
316,16384,1
317,16591,11
318,16595,11
319,16605,11
320,16606,11
321,16612,11
322,16623,11
323,16624,12
324,16630,12
325,16742,12
326,16761,9
327,16871,5
328,16945,12
329,16999,10
330,17068,5
331,17176,12
332,17289,9
333,17312,12
334,17335,7
335,17354,10
336,17499,12
337,17614,11
338,17740,11
339,17768,11
340,17791,11
341,18193,3
342,18194,7
343,18208,3
344,18210,3
345,18218,3
346,18219,3
347,18221,3
348,18225,3
349,18228,3
350,18231,3
351,18253,12
352,18258,12
353,18306,12
354,18333,7
355,18337,3
356,18437,7
357,18518,9
358,18532,7
359,18546,3
360,18680,7
361,18741,3
362,18771,5
363,18819,3
364,18842,9
365,18883,11
366,18909,3
367,18927,9
368,19235,3
369,19329,5
370,19448,12
371,19497,3
372,19555,10
373,19668,3
374,19788,1
375,19789,5
376,19796,3
377,19800,1
378,19806,1
379,19808,1
380,19816,1
381,19818,1
382,19821,8
383,19831,8
384,19845,12
385,19848,0
386,19901,1
387,19913,3
388,19961,1
389,20016,3
390,20185,9
391,20201,0
392,20213,1
393,20250,9
394,20286,0
395,20319,3
396,20330,9
397,20409,1
398,20456,1
399,20461,0
400,20590,3
401,20716,0
402,20757,0
403,20778,0
404,20794,0
405,20814,0
406,20857,0
407,20873,0
408,20927,0
409,20950,0
410,20989,0
411,21030,1
412,21250,1
413,21333,0
414,21434,3
415,21438,1
416,21440,1
417,21444,1
418,21450,0
419,21454,1
420,21457,1
421,21458,1
422,21462,13
423,21463,1
424,21474,13
425,21477,0
426,21480,0
427,21493,16
428,21495,16
429,21499,16
430,21510,13
431,21511,0
432,21516,0
433,21522,0
434,21527,13
435,21546,12
436,21549,12
437,21555,12
438,21562,2
439,21564,2
440,21573,2
441,21585,3
442,21590,0
443,21713,0
444,21720,13
445,21748,0
446,21897,1
447,21920,0
448,21974,0
449,21993,0
450,22047,3
451,22074,13
452,22102,0
453,22167,13
454,22185,0
455,22205,13
456,22245,13
457,22314,2
458,22394,2
459,22457,2
460,22523,13
461,22561,13
462,22587,0
463,22702,2
464,22820,13
465,22868,12
466,22877,2
467,22963,12
468,23142,4
469,23150,0
470,23158,4
471,23165,0
472,23169,0
473,23171,4
474,23173,4
475,23179,2
476,23180,2
477,23185,2
478,23186,2
479,23222,2
480,23314,5
481,23344,0
482,23369,5
483,23456,0
484,23485,12
485,23539,12
486,23540,0
487,23593,0
488,23614,3
489,23637,0
490,23717,2
491,23896,2
492,23973,12
493,24058,2
494,24059,2
495,24157,2
496,24158,2
497,24162,2
498,24311,2
499,24344,2
500,24764,4
501,24825,4
502,25063,4
503,25218,4
504,25248,4
505,25393,4
506,25471,4
507,25507,12
508,25559,4
509,25634,4
510,25656,4
511,25881,4
512,25917,4
513,26301,12
514,26566,1
515,26607,13
516,26627,12
517,26759,13
518,26814,12
519,26942,12
520,27821,1
521,27824,1
522,27829,1
523,27836,1
524,27840,8
525,27846,9
526,27851,9
527,27855,9
528,27858,9
529,27863,1
530,27867,15
531,28015,8
532,28018,8
533,28048,3
534,28050,3
535,28204,1
536,28266,8
537,28320,8
538,28339,1
539,28428,1
540,28444,1
541,28484,1
542,28502,8
543,28605,1
544,28618,1
545,28787,8
546,28788,1
547,28867,1
548,28939,8
549,28989,1
550,29123,1
551,29190,1
552,29228,1
553,29450,1
554,29514,1
555,29595,6
556,29601,1
557,29614,1
558,29697,1
559,29698,10
560,29699,11
561,29700,7
562,29702,9
563,29703,9
564,29704,2
565,29705,1
566,29706,11
567,29707,0
568,29752,16
569,29753,0
570,29765,12
571,29899,16
572,29924,3
573,29942,16
574,30040,1
575,30148,1
576,30229,1
577,30231,1
578,30307,1
579,30320,10
580,30468,1
581,30540,1
582,30564,1
583,30594,3
584,30637,1
585,30689,7
586,30841,7
587,31020,12
588,31083,12
589,31154,12
590,31179,12
591,31193,12
592,31320,13
593,31337,12
594,31393,12
595,31420,6
596,31442,10
597,31462,17
598,31537,11
599,31689,7
600,31700,12
601,31732,1
602,31803,1
603,31855,12
604,31905,1
605,31956,12
606,32035,1
607,32176,1
608,32248,1
609,34756,11
610,34765,10
611,36483,11
612,41401,2
613,43024,2
614,46536,9
615,49361,5
616,49391,0
617,51059,2
618,51067,4
619,54805,8
620,56515,9
