1,1,1
2,2,12
3,3,11
4,4,1
5,5,2
6,6,1
7,7,3
8,9,2
9,10,3
10,11,12
11,12,13
12,18,15
13,19,15
14,69,15
15,74,1
16,81,16
17,85,16
18,94,4
19,95,4
20,103,4
21,105,4
22,116,2
23,119,2
24,162,14
25,163,14
26,168,16
27,170,14
28,1382,13
29,1670,2
30,1721,1
31,1730,1
32,1735,9
33,1736,9
34,1740,9
35,1751,10
36,1754,12
37,1764,12
38,1769,7
39,1778,1
40,1783,9
41,1786,3
42,1792,3
43,1797,8
44,1798,8
45,1803,8
46,1810,8
47,1811,8
48,1930,9
49,2025,9
50,2165,1
51,2180,9
52,2417,3
53,2452,9
54,2536,9
55,2570,3
56,2584,9
57,3376,3
58,3400,9
59,3402,9
60,3406,9
61,3415,10
62,3416,17
63,3430,12
64,3435,10
65,3436,10
66,3444,10
67,3445,17
68,3449,17
69,3458,17
70,3466,12
71,3467,9
72,3469,9
73,3471,9
74,3520,12
75,3525,17
76,3557,9
77,3561,9
78,3692,17
79,3712,9
80,3737,17
81,3921,9
82,3938,17
83,3980,0
84,4483,12
85,4542,1
86,4543,12
87,4759,12
88,4895,12
89,5033,10
90,5040,10
91,5045,10
92,5052,10
93,5054,10
94,5055,10
95,5069,2
96,5070,2
97,5077,2
98,5100,3
99,5105,3
100,5109,10
101,5114,9
102,5119,9
103,5125,3
104,5132,1
105,5158,10
106,5272,10
107,5280,10
108,5434,10
109,5472,10
110,5559,10
111,5662,10
112,5677,10
113,5679,9
114,5750,12
115,5800,10
116,5842,10
117,5984,10
118,6026,10
119,6062,10
120,6256,10
121,6368,10
122,6682,6
123,6685,10
124,6691,6
125,6705,3
126,6708,3
127,6712,3
128,6716,5
129,6725,3
130,6734,11
131,6745,11
132,6748,10
133,6751,10
134,6759,3
135,6763,3
136,6765,10
137,6770,3
138,6774,3
139,6778,3
140,6781,3
141,6890,5
142,6923,3
143,6927,6
144,6931,3
145,6959,10
146,6980,3
147,7185,10
148,7284,10
149,7308,3
150,7471,10
151,7485,3
152,7559,10
153,7611,3
154,7618,6
155,7678,10
156,7914,10
157,7918,3
158,8064,10
159,8332,1
160,8342,7
161,8352,12
162,8358,16
163,8364,9
164,8381,7
165,8390,3
166,8391,7
167,8393,9
168,8402,9
169,8405,12
170,8412,12
171,8415,12
172,8418,12
173,8421,12
174,8426,12
175,8431,12
176,8432,12
177,8443,7
178,8446,7
179,8453,1
180,8456,7
181,8468,9
182,8472,12
183,8473,7
184,8479,12
185,8484,12
186,8486,12
187,8537,9
188,8722,9
189,8735,12
190,8833,12
191,8850,7
192,8868,3
193,9146,12
194,9182,9
195,9194,9
196,9212,7
197,9278,7
198,9341,12
199,9358,7
200,9421,12
201,9494,12
202,9610,12
203,9749,12
204,9776,12
205,10043,12
206,10050,9
207,10051,9
208,10055,9
209,10067,0
210,10076,14
211,10077,12
212,10093,5
213,10103,7
214,10108,7
215,10113,3
216,10117,9
217,10123,9
218,10125,9
219,10135,12
220,10136,12
221,10152,3
222,10156,3
223,10166,1
224,10169,0
225,10178,1
226,10181,9
227,10187,14
228,10193,13
229,10377,12
230,10404,9
231,10562,9
232,10601,9
233,10643,9
234,10688,9
235,10731,9
236,10954,3
237,11271,3
238,11303,3
239,11355,3
240,11476,7
241,11529,1
242,11537,7
243,11751,2
244,11754,3
245,11757,6
246,11761,5
247,11763,3
248,11768,15
249,11782,3
250,11785,2
251,11810,1
252,11816,1
253,11819,16
254,11820,16
255,11824,16
256,11832,16
257,11877,15
258,11882,15
259,11933,15
260,11976,2
261,12050,3
262,12297,3
263,12377,15
264,12467,16
265,12485,9
266,12564,1
267,12643,3
268,12711,1
269,12769,16
270,12980,1
271,13418,3
272,13421,1
273,13425,3
274,13430,1
275,13431,3
276,13434,1
277,13437,3
278,13444,15
279,13447,1
280,13479,3
281,13554,3
282,13635,3
283,13841,3
284,13886,3
285,14302,5
286,14339,5
287,14655,2
288,14730,2
289,14998,2
290,14999,2
291,15006,2
292,15012,2
293,15019,2
294,15021,2
295,15029,10
296,15033,5
297,15040,3
298,15044,3
299,15089,7
300,15096,3
301,15161,2
302,15276,2
303,15342,12
304,15347,7
305,15394,2
306,15455,7
307,15482,2
308,15538,2
309,15574,1
310,15752,2
311,15761,1
312,15773,2
313,15797,2
314,15821,1
315,16115,16
316,16271,1
317,16603,11
318,16613,12
319,16617,12
320,16619,12
321,16624,12
322,16628,12
323,16631,10
324,16633,12
325,16718,10
326,16733,12
327,16846,12
328,17031,12
329,17133,12
330,17209,10
331,17353,9
332,17568,9
333,17571,6
334,17661,10
335,17679,11
336,17768,11
337,17869,10
338,18188,11
339,18191,7
340,18193,7
341,18199,1
342,18200,9
343,18206,3
344,18212,5
345,18214,3
346,18215,1
347,18221,3
348,18223,9
349,18225,3
350,18237,3
351,18259,9
352,18310,9
353,18360,12
354,18376,3
355,18489,7
356,18529,9
357,18537,9
358,18615,9
359,18644,1
360,18677,3
361,18689,9
362,18855,3
363,19140,3
364,19171,3
365,19266,3
366,19325,10
367,19677,2
368,19782,9
369,19784,9
370,19792,3
371,19799,9
372,19802,0
373,19805,0
374,19809,1
375,19810,1
376,19812,1
377,19816,1
378,19820,1
379,19822,0
380,19823,1
381,19847,0
382,19907,3
383,19963,3
384,19977,1
385,20075,3
386,20085,0
387,20139,14
388,20183,0
389,20293,0
390,20308,3
391,20319,3
392,20377,0
393,20429,0
394,20549,3
395,20686,0
396,20705,0
397,20753,0
398,20843,0
399,20889,0
400,20960,0
401,20974,0
402,21123,0
403,21130,14
404,21145,1
405,21441,1
406,21442,1
407,21449,1
408,21452,1
409,21459,1
410,21466,1
411,21472,0
412,21474,7
413,21489,14
414,21498,16
415,21499,16
416,21502,16
417,21506,13
418,21511,13
419,21530,0
420,21538,0
421,21548,14
422,21557,2
423,21561,2
424,21567,0
425,21571,3
426,21576,0
427,21578,3
428,21581,3
429,21589,3
430,21609,0
431,21686,1
432,21746,1
433,21794,0
434,21867,0
435,21893,13
436,21956,0
437,21983,13
438,22035,13
439,22068,0
440,22146,3
441,22156,13
442,22267,0
443,22295,3
444,22329,13
445,22336,0
446,22342,13
447,22346,0
448,22407,13
449,22421,0
450,22490,13
451,22497,0
452,22595,13
453,22622,13
454,22829,14
455,22901,14
456,23014,16
457,23146,2
458,23155,29
459,23158,2
460,23169,0
461,23172,4
462,23177,2
463,23179,2
464,23202,3
465,23209,5
466,23217,2
467,23325,2
468,23444,29
469,23473,5
470,23535,2
471,23582,2
472,23610,3
473,23619,3
474,23638,29
475,23672,2
476,23683,0
477,23909,29
478,24082,2
479,24086,2
480,24127,2
481,24148,2
482,24416,2
483,24767,2
484,24869,4
485,24968,4
486,24986,2
487,25063,2
488,25245,4
489,25344,4
490,25510,4
491,25577,2
492,25634,16
493,25669,16
494,25674,16
495,25700,4
496,25828,16
497,25829,2
498,25933,16
499,26052,16
500,26419,0
501,26470,14
502,26563,13
503,26567,13
504,26628,14
505,26717,13
506,26763,16
507,27825,1
508,27835,1
509,27838,1
510,27846,9
511,27848,9
512,27850,9
513,27858,9
514,27944,1
515,27962,1
516,27977,15
517,27997,3
518,28119,8
519,28156,3
520,28209,1
521,28280,15
522,28289,15
523,28415,1
524,28425,15
525,28458,1
526,28484,1
527,28489,15
528,28560,1
529,28662,1
530,28684,1
531,28740,1
532,28870,1
533,28963,1
534,29018,1
535,29235,1
536,29263,1
537,29272,1
538,29422,9
539,29441,1
540,29491,9
541,29537,9
542,29556,1
543,29652,16
544,29667,3
545,29698,12
546,29701,2
547,29702,3
548,29705,3
549,29706,12
550,29707,13
551,29722,1
552,29736,3
553,29815,1
554,29857,3
555,29883,3
556,29890,1
557,29895,16
558,30071,3
559,30120,3
560,30179,3
561,30298,1
562,30341,9
563,30374,3
564,30513,3
565,30641,1
566,30689,3
567,30696,3
568,30958,14
569,31177,0
570,31187,0
571,31220,9
572,31245,2
573,31305,12
574,31334,12
575,31344,12
576,31449,12
577,31464,7
578,31505,0
579,31596,7
580,31660,12
581,31685,7
582,31811,7
583,31832,7
584,31846,7
585,32034,1
586,32070,1
587,32128,1
588,32310,1
589,32395,15
590,34763,6
591,36346,9
592,38112,1
593,38197,0
594,39786,2
595,47786,9
596,48281,3
597,49376,13
598,49428,13
599,49447,0
600,49474,2
601,49506,3
602,54804,3
