1,1,1
2,2,9
3,3,10
4,4,1
5,5,2
6,6,3
7,7,3
8,9,2
9,10,1
10,11,12
11,12,13
12,19,15
13,70,1
14,75,1
15,81,16
16,84,12
17,93,12
18,97,12
19,110,2
20,112,12
21,113,2
22,117,2
23,162,0
24,163,0
25,166,12
26,167,12
27,172,12
28,1354,12
29,1424,12
30,1722,3
31,1726,3
32,1732,3
33,1735,9
34,1739,9
35,1743,6
36,1745,9
37,1749,10
38,1754,9
39,1756,9
40,1762,10
41,1764,7
42,1768,7
43,1778,1
44,1782,3
45,1784,3
46,1785,3
47,1790,3
48,1793,9
49,1799,15
50,1802,3
51,1809,12
52,1811,9
53,2010,1
54,2020,10
55,2025,9
56,2035,3
57,2069,9
58,2302,15
59,2397,3
60,2411,9
61,2441,9
62,2625,9
63,3383,16
64,3388,1
65,3398,9
66,3402,9
67,3411,9
68,3417,10
69,3431,10
70,3433,10
71,3437,10
72,3440,10
73,3442,10
74,3443,10
75,3445,10
76,3456,10
77,3460,10
78,3463,9
79,3464,9
80,3548,3
81,3613,6
82,3662,6
83,3685,10
84,3733,10
85,3759,3
86,3826,10
87,4061,10
88,4065,10
89,4442,10
90,4599,10
91,4710,10
92,4762,9
93,5031,10
94,5035,10
95,5036,10
96,5038,10
97,5042,10
98,5048,10
99,5050,0
100,5052,10
101,5057,10
102,5063,10
103,5090,3
104,5092,10
105,5096,10
106,5098,3
107,5106,10
108,5114,3
109,5119,3
110,5127,3
111,5129,1
112,5265,10
113,5287,10
114,5336,10
115,5342,10
116,5462,10
117,5477,10
118,5511,10
119,5533,10
120,5574,10
121,5748,10
122,5787,10
123,5926,10
124,5955,10
125,6053,10
126,6069,10
127,6289,10
128,6412,9
129,6414,9
130,6681,9
131,6690,10
132,6692,10
133,6700,5
134,6702,10
135,6710,3
136,6711,3
137,6715,3
138,6738,11
139,6743,11
140,6744,11
141,6749,10
142,6752,10
143,6759,10
144,6761,6
145,6762,6
146,6768,10
147,6777,3
148,6909,10
149,7112,10
150,7135,10
151,7227,10
152,7268,10
153,7269,10
154,7278,6
155,7331,6
156,7354,10
157,7554,10
158,7591,10
159,7600,10
160,7652,10
161,7679,10
162,7899,10
163,7902,10
164,8047,10
165,8332,3
166,8333,3
167,8337,1
168,8340,1
169,8342,1
170,8348,1
171,8350,1
172,8358,9
173,8359,7
174,8362,9
175,8363,12
176,8371,7
177,8372,7
178,8379,1
179,8390,3
180,8395,9
181,8403,1
182,8407,9
183,8413,7
184,8415,9
185,8421,10
186,8423,9
187,8429,12
188,8433,10
189,8446,1
190,8450,1
191,8451,1
192,8460,1
193,8463,1
194,8469,10
195,8476,10
196,8481,12
197,8483,12
198,8735,1
199,8817,1
200,8830,1
201,8990,7
202,9012,1
203,9018,9
204,9053,9
205,9103,12
206,9158,7
207,9243,7
208,9246,7
209,9320,10
210,9380,1
211,9467,10
212,9488,12
213,9524,10
214,9611,12
215,9619,12
216,9623,10
217,10039,12
218,10044,12
219,10058,12
220,10060,12
221,10064,9
222,10068,9
223,10073,9
224,10075,9
225,10084,12
226,10094,9
227,10098,3
228,10104,7
229,10107,1
230,10112,1
231,10115,3
232,10125,9
233,10127,12
234,10128,12
235,10133,12
236,10134,12
237,10138,12
238,10155,1
239,10158,1
240,10163,0
241,10171,1
242,10172,12
243,10177,1
244,10181,12
245,10183,12
246,10187,9
247,10192,13
248,10194,12
249,10229,9
250,10332,12
251,10538,12
252,10554,12
253,10640,12
254,10726,9
255,10815,9
256,10983,9
257,11097,12
258,11103,9
259,11173,12
260,11434,3
261,11435,1
262,11463,0
263,11549,7
264,11614,1
265,11755,9
266,11764,3
267,11768,3
268,11773,5
269,11775,5
270,11785,5
271,11786,5
272,11791,2
273,11794,2
274,11803,1
275,11813,1
276,11817,16
277,11818,15
278,11823,15
279,11825,15
280,11827,15
281,11837,2
282,11842,2
283,12028,2
284,12091,9
285,12146,3
286,12185,2
287,12256,3
288,12372,2
289,12525,9
290,12621,12
291,12745,15
292,12746,15
293,13177,1
294,13403,5
295,13404,5
296,13408,5
297,13416,16
298,13418,16
299,13420,3
300,13424,1
301,13430,1
302,13436,3
303,13440,3
304,13445,3
305,13525,3
306,13601,3
307,13687,3
308,13740,3
309,13786,3
310,13843,3
311,13875,3
312,14305,3
313,14754,3
314,14779,10
315,14996,5
316,14997,2
317,15003,5
318,15004,5
319,15018,5
320,15019,5
321,15024,5
322,15029,5
323,15038,3
324,15039,3
325,15229,5
326,15346,5
327,15347,5
328,15379,5
329,15500,9
330,15513,3
331,15576,12
332,15662,9
333,15740,9
334,15861,1
335,15954,1
336,16078,1
337,16173,1
338,16440,3
339,16605,11
340,16610,11
341,16614,11
342,16620,12
343,16623,12
344,16628,10
345,16630,10
346,16681,9
347,16779,7
348,16854,12
349,16865,3
350,16893,9
351,16976,9
352,17110,3
353,17154,3
354,17226,9
355,17302,6
356,17460,6
357,17467,9
358,17548,11
359,17736,11
360,17827,11
361,18189,9
362,18190,6
363,18196,3
364,18200,3
365,18204,3
366,18209,3
367,18211,3
368,18220,3
369,18227,3
370,18229,3
371,18233,3
372,18263,12
373,18330,1
374,18335,7
375,18373,12
376,18427,7
377,18481,7
378,18496,3
379,18536,7
380,18636,7
381,18663,9
382,18721,12
383,18759,9
384,18781,1
385,18803,9
386,18865,10
387,18941,9
388,18946,10
389,18982,3
390,18985,3
391,19329,6
392,19333,3
393,19352,9
394,19532,11
395,19536,6
396,19630,10
397,19782,3
398,19788,3
399,19789,3
400,19797,0
401,19802,13
402,19807,13
403,19811,1
404,19816,1
405,19818,1
406,19820,1
407,19824,1
408,19831,12
409,19846,0
410,19848,1
411,19860,0
412,19911,1
413,19912,1
414,19996,12
415,20064,0
416,20079,1
417,20182,3
418,20241,1
419,20284,0
420,20297,0
421,20317,3
422,20361,0
423,20372,0
424,20503,3
425,20505,3
426,20642,0
427,20647,0
428,20702,0
429,20716,0
430,20817,0
431,20819,0
432,20848,13
433,21012,0
434,21117,0
435,21122,0
436,21436,3
437,21444,0
438,21445,0
439,21449,1
440,21453,0
441,21457,1
442,21461,1
443,21465,13
444,21466,13
445,21474,13
446,21476,13
447,21482,13
448,21493,12
449,21497,12
450,21498,12
451,21503,12
452,21508,0
453,21517,13
454,21527,13
455,21533,13
456,21555,5
457,21557,12
458,21560,2
459,21562,5
460,21570,3
461,21576,2
462,21577,3
463,21588,3
464,21646,0
465,21664,13
466,21678,13
467,21821,13
468,21839,13
469,21842,13
470,21879,13
471,21903,0
472,21950,0
473,22003,0
474,22039,0
475,22145,0
476,22153,13
477,22205,13
478,22244,0
479,22311,13
480,22324,13
481,22375,13
482,22486,13
483,22495,13
484,22572,0
485,22605,2
486,22753,0
487,22771,0
488,22830,12
489,22849,12
490,22876,12
491,22964,12
492,23150,2
493,23154,2
494,23158,0
495,23160,2
496,23167,0
497,23168,2
498,23174,12
499,23179,2
500,23180,12
501,23185,2
502,23217,5
503,23229,5
504,23346,5
505,23413,3
506,23457,2
507,23473,5
508,23537,0
509,23540,2
510,23596,0
511,23803,5
512,23808,0
513,23821,0
514,23836,3
515,23938,5
516,24019,2
517,24048,2
518,24101,0
519,24121,2
520,24151,2
521,24321,0
522,24422,2
523,24428,2
524,24612,2
525,24868,2
526,24907,12
527,24924,2
528,24971,2
529,25068,2
530,25130,2
531,25135,2
532,25169,12
533,25217,2
534,25335,12
535,25358,2
536,25401,2
537,25408,2
538,25469,12
539,25598,16
540,25663,12
541,25676,2
542,25678,2
543,25857,16
544,25884,16
545,25931,1
546,26057,16
547,26299,13
548,26308,0
549,26354,13
550,26555,13
551,26559,13
552,26622,13
553,27821,1
554,27828,1
555,27833,1
556,27835,1
557,27843,9
558,27845,1
559,27850,9
560,27852,9
561,27859,3
562,27919,1
563,27967,16
564,28070,16
565,28095,1
566,28098,1
567,28101,3
568,28131,12
569,28163,1
570,28300,1
571,28323,3
572,28353,1
573,28397,1
574,28426,1
575,28446,1
576,28520,3
577,28541,1
578,28576,1
579,28638,1
580,28753,1
581,28769,1
582,28777,9
583,28829,1
584,28937,3
585,28963,1
586,29010,1
587,29073,1
588,29153,3
589,29175,1
590,29325,1
591,29427,9
592,29654,3
593,29658,1
594,29697,1
595,29698,10
596,29699,10
597,29701,2
598,29702,3
599,29704,2
600,29705,1
601,29706,12
602,29707,13
603,29714,15
604,29797,3
605,29834,3
606,29860,3
607,29884,3
608,29902,3
609,30063,3
610,30076,3
611,30097,3
612,30146,1
613,30165,3
614,30331,1
615,30345,9
616,30530,1
617,30537,3
618,30644,1
619,30682,3
620,30752,7
621,30772,3
622,31083,12
623,31121,12
624,31132,12
625,31146,12
626,31188,10
627,31305,12
628,31419,13
629,31504,13
630,31570,10
631,31643,12
632,31651,10
633,31680,13
634,31763,1
635,31941,1
636,31982,1
637,32017,1
638,32154,1
639,32186,9
640,32306,1
641,32344,1
642,34742,11
643,36473,10
644,38111,1
645,39768,5
646,39827,15
647,44609,11
648,46204,3
649,49378,1
